26.018631       11        2    10851 24207456        0    11448   785797        0
27.013714       11        2    10851 24207456        0    11448   785797        0
28.017338       11        2    10851 24207456        0    11448   785797        0
29.016235       11        2    10851 24207456        0    11448   785797        0
30.014534       11        2    10851 24207456        0    11448   785797        0
31.016330       11        2    10851 24207456        0    11448   785797        0
32.016267       11        2    10852 24207798        0    11448   785797        0
33.018040       11        2    10852 24207798        0    11448   785797        0
34.020451       11        2    10853 24208140        0    11448   785797        0
35.018769       11        2    10853 24208140        0    11448   785797        0
36.019384       11        2    10853 24208140        0    11448   785797        0
37.016591       11        2    10853 24208140        0    11448   785797        0
38.021309       11        2    10854 24208482        0    11448   785797        0
39.020445       11        2    10854 24208482        0    11448   785797        0
40.021539       11        2    10854 24208482        0    11448   785797        0
41.023374       11        2    10863 24209408        0    11449   785907        0
42.021052       11        2    10877 24211633        0    11451   786095        0
43.022088       11        2    10905 24216882        0    11457   787244        0
44.020433       11        2    10916 24219516        0    11463   788395        0
45.024862       11        2    10932 24221916        0    11467   788995        0
46.024307       11        2    10952 24224699        0    11473   789875        0
47.023140       11        2    10981 24230998        0    11480   791365        0
48.025687       11        2    10992 24234048        0    11482   792028        0
49.024592       11        2    10997 24235045        0    11484   792396        0
50.025115       11        2    11008 24237084        0    11486   792787        0
51.024645       11        2    11008 24237084        0    11486   792787        0
9.005934       11        2        9     1554        0        3      522        0
10.006027       11        2       49     4602        0       20     1880        0
11.006144       11        2      103    13178        0       38     4557        0
12.007274       11        2      124    17502        0       41     5190        0
13.006625       11        2      126    18144        0       42     5511        0
14.008114       11        2      139    20217        0       44     5879        0
15.007876       11        2      154    21908        0       53     6920        0
16.009359       11        2      154    21908        0       53     6920        0
17.010774       11        2      156    22592        0       53     6920        0
18.008607       11        2      165    23642        0       54     7027        0
19.010626       11        2      174    24544        0       57     7237        0
20.008572       11        2      174    24544        0       57     7237        0
21.010750       11        2      174    24544        0       57     7237        0
22.008605       11        2      200    81822        0       89     9717        0
23.010455       11        2      416   603210        0      329    25341        0
24.011762       11        2      632  1124598        0      569    40965        0
25.009820       11        2      848  1645986        0      801    56053        0
26.012565       11        2     1062  2154389        0     1042    71784        0
27.015645       11        2     1278  2675777        0     1270    86642        0
28.016141       11        2     1484  3167813        0     1510   102266        0
29.015983       11        2     1700  3689201        0     1742   117354        0
30.015259       11        2     1891  4153653        0     1959   131376        0
31.015554       11        2     1892  4153995        0     1959   131376        0
32.014921       11        2     1892  4153995        0     1959   131376        0
33.015491       11        2     1892  4153995        0     1959   131376        0
34.016236       11        2     1892  4153995        0     1959   131376        0
35.017500       11        2     1892  4153995        0     1959   131376        0
36.022342       11        2     1929  4240967        0     2002   134280        0
37.018717       11        2     2145  4762355        0     2230   149138        0
38.019934       11        2     2350  5254049        0     2471   165104        0
39.016948       11        2     2566  5775437        0     2703   180192        0
40.020132       11        2     2775  6283070        0     2943   195816        0
41.021053       11        2     2992  6804800        0     3183   211440        0
42.018070       11        2     3212  7326616        0     3412   226405        0
1.003109       11        2    10193 24078693        0    11182   737723        0
2.003602       11        2    10195 24078833        0    11185   738023        0
3.006068       11        2    10195 24078833        0    11185   738023        0
4.008080       11        2    10195 24078833        0    11185   738023        0
5.009508       11        2    10198 24079080        0    11189   738665        0
6.009088       11        2    10203 24079541        0    11193   739072        0
7.009716       11        2    10204 24079883        0    11193   739072        0
8.009523       11        2    10204 24079883        0    11193   739072        0
9.009836       11        2    10206 24080023        0    11196   739372        0
10.011482       11        2    10206 24080023        0    11196   739372        0
11.011838       11        2    10207 24080365        0    11197   739714        0
12.012910       11        2    10207 24080365        0    11197   739714        0
13.011496       11        2    10208 24080707        0    11197   739714        0
14.011177       11        2    10210 24081391        0    11197   739714        0
15.010883       11        2    10212 24081531        0    11200   740014        0
16.017494       11        2    10212 24081531        0    11200   740014        0
17.015865       11        2    10212 24081531        0    11200   740014        0
18.015494       11        2    10212 24081531        0    11200   740014        0
19.015612       11        2    10212 24081531        0    11200   740014        0
20.015970       11        2    10212 24081531        0    11201   740356        0
21.017371       11        2    10213 24081638        0    11201   740356        0
22.016814       11        2    10216 24081959        0    11202   740463        0
23.015048       11        2    10217 24082301        0    11202   740463        0
24.019891       11        2    10217 24082301        0    11202   740463        0
25.017280       11        2    10219 24082985        0    11202   740463        0
26.018455       11        2    10222 24083467        0    11205   740763        0
27.016442       11        2    10222 24083467        0    11205   740763        0
28.020520       11        2    10222 24083467        0    11205   740763        0
29.020520       11        2    10222 24083467        0    11205   740763        0
30.017539       11        2    10222 24083467        0    11205   740763        0
31.020174       11        2    10222 24083467        0    11205   740763        0
32.019445       11        2    10222 24083467        0    11206   741105        0
33.022830       11        2    10222 24083467        0    11206   741105        0
34.023290       11        2    10224 24083655        0    11206   741105        0
35.021748       11        2    10231 24084914        0    11206   741105        0
36.023086       11        2    10249 24087937        0    11210   741725        0
37.020395       11        2    10262 24089906        0    11218   742785        0
38.022902       11        2    10294 24095541        0    11226   744301        0
39.027740       11        2    10308 24098487        0    11229   745148        0
40.026236       11        2    10319 24101068        0    11230   745255        0
5.003117       11        2        8      960        0        7      870        0
6.006482       11        2       46     3888        0       29     3014        0
7.006305       11        2       98    10784        0       40     4766        0
8.005516       11        2      119    15800        0       43     5690        0
9.007853       11        2      126    17948        0       44     5797        0
10.006917       11        2      135    19108        0       48     6519        0
11.008725       11        2      153    21691        0       52     6715        0
12.008317       11        2      155    22054        0       54     7099        0
13.007948       11        2      156    22396        0       55     7206        0
14.008070       11        2      163    23034        0       57     7346        0
15.007744       11        2      181    37835        0       69     8252        0
16.006770       11        2      399   559907        0      301    23340        0
17.006925       11        2      608  1067540        0      541    38964        0
18.010133       11        2      824  1588928        0      781    54770        0
19.011397       11        2     1029  2080622        0     1010    69788        0
20.009561       11        2     1245  2602010        0     1250    85412        0
21.010276       11        2     1364  2892398        0     1371    93331        0
8.010161       11        2       12     2088        0        7      858        0
9.004093       11        2       48     4836        0       27     2507        0
10.007885       11        2      102    12181        0       41     4832        0
11.006483       11        2      122    16116        0       43     5337        0
12.008942       11        2      130    18768        0       45     5786        0
13.005906       11        2      141    20450        0       47     6117        0
14.008229       11        2      157    22490        0       53     6704        0
15.006477       11        2      158    22532        0       54     6746        0
16.007840       11        2      158    22532        0       55     6853        0
17.009576       11        2      167    23586        0       60     7565        0
1.003128       11        2     7791 18387249        0     8532   559845        0
2.006262       11        2     8116 19169405        0     8895   583581        0
3.004714       11        2     8464 20008617        0     9280   608555        0
4.006708       11        2     8789 20790773        0     9635   631755        0
5.008169       11        2     9221 21833549        0    10115   663003        0
6.009459       11        2     9663 22877329        0    10598   694549        0
7.007478       11        2    10085 23865244        0    11059   724889        0
8.009195       11        2    10170 24002046        0    11127   730401        0
9.010426       11        2    10187 24005013        0    11131   731001        0
10.012335       11        2    10205 24007175        0    11143   732720        0
11.011548       11        2    10240 24014203        0    11147   733671        0
12.012726       11        2    10254 24017716        0    11149   734334        0
13.014702       11        2    10257 24018191        0    11151   734702        0
14.014064       11        2    10267 24020291        0    11153   735093        0
15.013510       11        2    10274 24021576        0    11156   735393        0
16.016169       11        2    10276 24022260        0    11156   735393        0
17.012948       11        2    10278 24022474        0    11158   735842        0
18.017743       11        2    10282 24022828        0    11159   735912        0
1.002944       11        2    10295 24024319        0    11173   737561        0
2.006762       11        2    10295 24024319        0    11173   737561        0
3.006359       11        2    10295 24024319        0    11173   737561        0
4.004668       11        2    10295 24024319        0    11173   737561        0
