1.010031,      31,       2,     201,   28231,       0,     126,   20015,       0,0.000000,0.000000,0.000000,0.000000,0.000000,0.000000
2.007722,      31,       2,     237,   34385,       0,     135,   21434,       0,36.086096,6168.717664,0.000000,9.021524,1422.393625,0.000000
3.004830,      31,       2,     253,   38100,       0,     139,   22462,       0,16.049480,3726.488730,0.000000,4.012370,1031.179116,0.000000
4.006375,      31,       2,     261,   40671,       0,     141,   23125,       0,7.988896,2567.431321,0.000000,1.997224,662.079722,0.000000
5.007210,      31,       2,     268,   41882,       0,     142,   23232,       0,6.996474,1210.389943,0.000000,0.999496,106.946097,0.000000
8.006064,      31,       2,      52,    5188,       0,      15,    1498,       0,-72.033707,-12237.059496,0.000000,-42.353152,-7248.058296,0.000000
9.006465,      31,       2,      94,    9428,       0,      29,    2658,       0,41.985816,4238.568046,0.000000,13.995272,1159.608239,0.000000
10.008920,      31,       2,     130,   16315,       0,      39,    4167,       0,35.914237,6870.593021,0.000000,9.976177,1505.405092,0.000000
11.010635,      31,       2,     141,   18975,       0,      44,    5460,       0,10.983317,2655.965682,0.000000,4.992417,1291.038957,0.000000
12.012450,      31,       2,     151,   20926,       0,      45,    5781,       0,9.984234,1947.924138,0.000000,0.998423,320.493925,0.000000
13.010100,      31,       2,     165,   23115,       0,      49,    6289,       0,14.036551,2194.715055,0.000000,4.010443,509.326290,0.000000
14.011798,      31,       2,     172,   23744,       0,      55,    6848,       0,6.988616,627.977103,0.000000,5.990243,558.090939,0.000000
15.009874,      31,       2,     172,   23744,       0,      55,    6848,       0,0.000000,0.000000,0.000000,0.000000,0.000000,0.000000
16.009050,      31,       2,     178,   24510,       0,      55,    6848,       0,6.005682,766.725357,0.000000,0.000000,0.000000,0.000000
17.016764,      31,       2,     187,   25214,       0,      59,    7437,       0,8.931710,698.658168,0.000000,3.969649,584.530768,0.000000
18.009878,      31,       2,     190,   25696,       0,      60,    7507,       0,3.022186,485.564484,0.000000,1.007395,70.517664,0.000000
19.011989,      31,       2,     191,   26038,       0,      60,    7507,       0,0.997988,341.311892,0.000000,0.000000,0.000000,0.000000
20.010813,      31,       2,     192,   26380,       0,      60,    7507,       0,1.001298,342.443822,0.000000,0.000000,0.000000,0.000000
21.010569,      31,       2,     192,   26380,       0,      60,    7507,       0,0.000000,0.000000,0.000000,0.000000,0.000000,0.000000
22.012909,      31,       2,     192,   26380,       0,      60,    7507,       0,0.000000,0.000000,0.000000,0.000000,0.000000,0.000000
23.012615,      31,       2,     192,   26380,       0,      60,    7507,       0,0.000000,0.000000,0.000000,0.000000,0.000000,0.000000
24.014341,      31,       2,     195,   26936,       0,      60,    7507,       0,2.995187,555.107974,0.000000,0.000000,0.000000,0.000000
25.012085,      31,       2,     197,   27150,       0,      61,    7614,       0,2.004699,214.502823,0.000000,1.002350,107.251411,0.000000
26.013376,      31,       2,     197,   27150,       0,      61,    7614,       0,0.000000,0.000000,0.000000,0.000000,0.000000,0.000000
27.018719,      31,       2,     197,   27150,       0,      61,    7614,       0,0.000000,0.000000,0.000000,0.000000,0.000000,0.000000
28.018943,      31,       2,     197,   27150,       0,      61,    7614,       0,0.000000,0.000000,0.000000,0.000000,0.000000,0.000000
29.017738,      31,       2,     198,   27492,       0,      62,    7956,       0,1.001533,342.524366,0.000000,1.001533,342.524366,0.000000
30.014537,      31,       2,     198,   27492,       0,      62,    7956,       0,0.000000,0.000000,0.000000,0.000000,0.000000,0.000000
31.020201,      31,       2,     198,   27492,       0,      62,    7956,       0,0.000000,0.000000,0.000000,0.000000,0.000000,0.000000
32.015793,      31,       2,     198,   27492,       0,      62,    7956,       0,0.000000,0.000000,0.000000,0.000000,0.000000,0.000000
33.020720,      31,       2,     199,   27834,       0,      62,    7956,       0,0.995192,340.355716,0.000000,0.000000,0.000000,0.000000
34.018963,      31,       2,     200,   28176,       0,      62,    7956,       0,1.002082,342.712175,0.000000,0.000000,0.000000,0.000000
35.019985,      31,       2,     200,   28176,       0,      62,    7956,       0,0.000000,0.000000,0.000000,0.000000,0.000000,0.000000
36.022691,      31,       2,     201,   28518,       0,      62,    7956,       0,0.997367,341.099494,0.000000,0.000000,0.000000,0.000000
37.018406,      31,       2,     201,   28518,       0,      62,    7956,       0,0.000000,0.000000,0.000000,0.000000,0.000000,0.000000
38.019084,      31,       2,     201,   28518,       0,      62,    7956,       0,0.000000,0.000000,0.000000,0.000000,0.000000,0.000000
39.019411,      31,       2,     201,   28518,       0,      62,    7956,       0,0.000000,0.000000,0.000000,0.000000,0.000000,0.000000
40.019700,      31,       2,     203,   28732,       0,      62,    7956,       0,1.999914,213.990817,0.000000,0.000000,0.000000,0.000000
41.022024,      31,       2,     205,   28946,       0,      64,    8405,       0,1.995683,213.538131,0.000000,1.995683,448.030939,0.000000
42.019734,      31,       2,     205,   28946,       0,      64,    8405,       0,0.000000,0.000000,0.000000,0.000000,0.000000,0.000000
43.021663,      31,       2,     205,   28946,       0,      64,    8405,       0,0.000000,0.000000,0.000000,0.000000,0.000000,0.000000
44.027428,      31,       2,     205,   28946,       0,      64,    8405,       0,0.000000,0.000000,0.000000,0.000000,0.000000,0.000000
45.021532,      31,       2,     205,   28946,       0,      64,    8405,       0,0.000000,0.000000,0.000000,0.000000,0.000000,0.000000
46.023655,      31,       2,     206,   29288,       0,      64,    8405,       0,0.998068,341.339100,0.000000,0.000000,0.000000,0.000000
47.022642,      31,       2,     207,   29630,       0,      64,    8405,       0,1.001085,342.371079,0.000000,0.000000,0.000000,0.000000
48.023145,      31,       2,     208,   29972,       0,      64,    8405,       0,0.999570,341.853048,0.000000,0.000000,0.000000,0.000000
49.022965,      31,       2,     208,   29972,       0,      64,    8405,       0,0.000000,0.000000,0.000000,0.000000,0.000000,0.000000
50.023501,      31,       2,     208,   29972,       0,      64,    8405,       0,0.000000,0.000000,0.000000,0.000000,0.000000,0.000000
51.022961,      31,       2,     209,   30314,       0,      64,    8405,       0,1.000812,342.277540,0.000000,0.000000,0.000000,0.000000
52.023793,      31,       2,     209,   30314,       0,      64,    8405,       0,0.000000,0.000000,0.000000,0.000000,0.000000,0.000000
53.025435,      31,       2,     209,   30314,       0,      64,    8405,       0,0.000000,0.000000,0.000000,0.000000,0.000000,0.000000
54.029338,      31,       2,     209,   30314,       0,      64,    8405,       0,0.000000,0.000000,0.000000,0.000000,0.000000,0.000000
55.027099,      31,       2,     209,   30314,       0,      64,    8405,       0,0.000000,0.000000,0.000000,0.000000,0.000000,0.000000
56.031075,      31,       2,     216,   31052,       0,      65,    8515,       0,6.974335,735.294124,0.000000,0.996334,109.596685,0.000000
57.029750,      31,       2,     228,   32765,       0,      67,    8703,       0,12.016838,1715.403599,0.000000,2.002806,188.263793,0.000000
58.033811,      31,       2,     255,   37559,       0,      74,    9962,       0,26.895376,4775.423424,0.000000,6.972875,1254.121421,0.000000
59.031563,      31,       2,     278,   42566,       0,      81,   11349,       0,23.053326,5018.608730,0.000000,7.016230,1390.215760,0.000000
60.033192,      31,       2,     289,   43766,       0,      86,   11816,       0,10.983680,1198.219656,0.000000,4.992582,466.307149,0.000000
61.034623,      31,       2,     320,   48974,       0,      94,   13645,       0,30.961180,5201.478161,0.000000,7.989982,1826.709592,0.000000
62.033333,      31,       2,     339,   53944,       0,      97,   14569,       0,19.027514,4977.197070,0.000000,3.004344,925.338047,0.000000
63.034742,      31,       2,     345,   55617,       0,      98,   14676,       0,5.991988,1670.766100,0.000000,0.998665,106.857127,0.000000
64.035616,      31,       2,     350,   56269,       0,     100,   15007,       0,4.995913,651.467091,0.000000,1.998365,330.729459,0.000000
65.037045,      31,       2,     361,   58888,       0,     101,   15328,       0,10.985684,2615.591372,0.000000,0.998699,320.582219,0.000000
66.036277,      31,       2,     362,   59230,       0,     101,   15328,       0,1.001009,342.345095,0.000000,0.000000,0.000000,0.000000
67.034581,      31,       2,     365,   60021,       0,     103,   15777,       0,3.005439,792.434175,0.000000,2.003626,449.814089,0.000000
68.035588,      31,       2,     370,   60754,       0,     104,   15847,       0,4.995344,732.317496,0.000000,0.999069,69.934822,0.000000
69.036867,      31,       2,     373,   60964,       0,     104,   15847,       0,2.996398,209.747861,0.000000,0.000000,0.000000,0.000000
