time,id,port,rx_packets,rx_byes,rx_errors,tx_packets,tx_bytes,tx_errors,rx_packetsps,rx_byesps,rx_errorsps,tx_packetsps,tx_bytesps,tx_errorspsn
11.006223,      32,       2,      22,    2052,       0,       8,     948,       0,0.000000,0.000000,0.000000,0.000000,0.000000,0.000000
12.004778,      32,       2,      62,    5564,       0,      22,    2717,       0,40.064458,3517.659381,0.000000,14.022560,1771.850639,0.000000
13.007207,      32,       2,     105,   12979,       0,      33,    4238,       0,42.902050,7398.109404,0.000000,10.974943,1517.535321,0.000000
14.006974,      32,       2,     127,   17248,       0,      41,    5433,       0,22.007503,4270.455963,0.000000,8.002728,1195.407561,0.000000
15.008506,      32,       2,     131,   18095,       0,      43,    5801,       0,3.995102,845.962893,0.000000,1.997551,367.549403,0.000000
16.009391,      32,       2,     148,   20411,       0,      47,    6332,       0,16.987380,2314.280692,0.000000,3.997031,530.605806,0.000000
17.006344,      32,       2,     161,   22781,       0,      51,    6724,       0,13.040752,2377.429353,0.000000,4.012539,393.228821,0.000000
18.006636,      32,       2,     199,   26423,       0,      67,    8252,       0,37.994030,3641.427867,0.000000,15.997487,1527.759962,0.000000
19.006521,      32,       2,     219,   28636,       0,      73,    8809,       0,20.006339,2213.701430,0.000000,6.001902,557.176546,0.000000
20.006624,      32,       2,     253,   31407,       0,      94,   52468,       0,33.998817,2770.903547,0.000000,20.999269,43657.480322,0.000000
21.007083,      32,       2,     357,   39423,       0,     174,  226936,       0,103.962572,8013.115182,0.000000,79.971209,174405.212021,0.000000
22.007419,      32,       2,     431,   44715,       0,     251,  401338,       0,73.988745,5291.195151,0.000000,76.988289,174375.475563,0.000000
23.010438,      32,       2,     522,   51213,       0,     327,  575398,       0,90.736852,6479.209492,0.000000,75.780228,173556.664223,0.000000
24.011882,      32,       2,     610,   57261,       0,     403,  749458,       0,87.886724,6040.214822,0.000000,75.902170,173835.944444,0.000000
25.008326,      32,       2,     674,   61957,       0,     461,  880069,       0,64.235682,4713.293184,0.000000,58.213587,131091.979555,0.000000
26.008241,      32,       2,     685,   62895,       0,     479,  923518,       0,11.002133,938.181852,0.000000,18.003490,43457.423539,0.000000
27.008450,      32,       2,     759,   67896,       0,     538, 1054236,       0,73.994972,5000.660209,0.000000,58.995991,130709.118408,0.000000
28.009004,      32,       2,     762,   68217,       0,     538, 1054236,       0,2.998612,320.851443,0.000000,0.000000,0.000000,0.000000
29.010002,      32,       2,     763,   68559,       0,     538, 1054236,       0,0.999142,341.706467,0.000000,0.000000,0.000000,0.000000
30.010494,      32,       2,     784,   70037,       0,     556, 1097685,       0,20.996306,1477.739987,0.000000,17.996833,43441.356367,0.000000
31.010962,      32,       2,     847,   74391,       0,     614, 1228296,       0,62.979204,4352.562741,0.000000,57.980854,130567.885214,0.000000
32.010908,      32,       2,     951,   81975,       0,     704, 1445541,       0,104.012994,7584.947598,0.000000,90.011245,217272.144099,0.000000
33.010778,      32,       2,    1328,  107493,       0,    1054, 2276316,       0,377.200278,25531.556188,0.000000,350.185934,831216.341112,0.000000
34.012148,      32,       2,    1349,  108971,       0,    1072, 2319765,       0,20.975920,1476.305223,0.000000,17.979360,43399.178374,0.000000
35.012140,      32,       2,    1454,  116281,       0,    1166, 2537274,       0,105.032880,7312.289065,0.000000,94.029435,217577.111121,0.000000
36.011661,      32,       2,    1602,  126809,       0,    1300, 2841945,       0,148.096429,10534.859470,0.000000,134.087307,304869.506981,0.000000
37.012741,      32,       2,    1687,  132983,       0,    1376, 3016005,       0,84.914747,6167.807641,0.000000,75.923774,173885.422403,0.000000
38.012258,      32,       2,    1750,  137337,       0,    1435, 3146958,       0,63.037453,4356.588420,0.000000,59.035075,131030.850552,0.000000
39.012863,      32,       2,    1750,  137337,       0,    1435, 3146958,       0,0.000000,0.000000,0.000000,0.000000,0.000000,0.000000
40.021455,      32,       2,    1771,  138815,       0,    1453, 3190407,       0,20.822407,1465.500820,0.000000,17.847777,43081.559626,0.000000
41.014641,      32,       2,    1834,  143169,       0,    1511, 3321018,       0,63.435867,4384.123245,0.000000,58.401274,131514.635089,0.000000
42.015476,      32,       2,    1834,  143169,       0,    1511, 3321018,       0,0.000000,0.000000,0.000000,0.000000,0.000000,0.000000
43.015980,      32,       2,    1836,  143618,       0,    1512, 3321125,       0,1.999746,448.942950,0.000000,0.999873,106.986404,0.000000
44.016405,      32,       2,    1839,  143939,       0,    1512, 3321125,       0,2.999682,320.966023,0.000000,0.000000,0.000000,0.000000
45.016317,      32,       2,    1839,  143939,       0,    1512, 3321125,       0,0.000000,0.000000,0.000000,0.000000,0.000000,0.000000
1152.185133,      32,       2,      11,    1122,       0,       5,     690,       0,-1.651058,-128.992988,0.000000,-1.361130,-2999.032550,0.000000
1153.183388,      32,       2,      44,    3716,       0,      15,    1498,       0,33.064508,2599.070733,0.000000,10.019548,809.579473,0.000000
1154.186603,      32,       2,      95,   11804,       0,      30,    3857,       0,50.851566,8064.460174,0.000000,14.956343,2352.134217,0.000000
1155.185435,      32,       2,     119,   16321,       0,      41,    5433,       0,24.039404,4524.416096,0.000000,11.018060,1578.587507,0.000000
1156.185224,      32,       2,     123,   17382,       0,      41,    5433,       0,4.001176,1061.311994,0.000000,0.000000,0.000000,0.000000
1157.187535,      32,       2,     137,   19274,       0,      45,    5941,       0,13.969116,1887.826289,0.000000,3.991176,506.879363,0.000000
1158.186632,      32,       2,     314,   35156,       0,     184,  212820,       0,177.184268,15898.534187,0.000000,139.144708,207094.374389,0.000000
1159.187436,      32,       2,     458,   46868,       0,     287,  363696,       0,143.893374,11703.327776,0.000000,102.923733,150764.282921,0.000000
1160.187468,      32,       2,     483,   49898,       0,     294,  364310,       0,25.001150,3030.139431,0.000000,7.000322,614.028254,0.000000
1161.188599,      32,       2,     581,   57322,       0,     374,  538691,       0,97.895833,7416.108800,0.000000,79.914966,174195.645013,0.000000
1162.187390,      32,       2,     765,   70234,       0,     529,  887141,       0,184.236538,12928.598822,0.000000,155.199258,348897.944505,0.000000
1163.187046,      32,       2,     766,   70576,       0,     529,  887141,       0,1.000533,342.182419,0.000000,0.000000,0.000000,0.000000
1164.187965,      32,       2,     766,   70576,       0,     529,  887141,       0,0.000000,0.000000,0.000000,0.000000,0.000000,0.000000
1165.189379,      32,       2,     769,   70978,       0,     531,  887281,       0,2.996359,401.512170,0.000000,1.997573,139.830109,0.000000
1166.189193,      32,       2,     859,   77614,       0,     608, 1061423,       0,90.054664,6640.030590,0.000000,77.046768,174247.770784,0.000000
1167.188428,      32,       2,    1105,   94306,       0,     835, 1583797,       0,246.238824,16708.205067,0.000000,227.220378,522881.135501,0.000000
1168.188985,      32,       2,    1196,  101284,       0,     913, 1758005,       0,90.955783,6974.609395,0.000000,77.962100,174123.352460,0.000000
1169.190708,      32,       2,    1477,  121209,       0,    1164, 2324149,       0,280.566004,19894.226422,0.000000,250.612338,565269.607202,0.000000
1170.190303,      32,       2,    1642,  132471,       0,    1315, 2672195,       0,165.173747,11273.859004,0.000000,151.159005,348412.496070,0.000000
1171.193344,      32,       2,    1723,  137901,       0,    1390, 2846181,       0,80.773354,5414.806334,0.000000,74.790143,173499.170305,0.000000
1172.190511,      32,       2,    1726,  138303,       0,    1398, 2860010,       0,3.009561,403.281195,0.000000,8.025496,13873.073750,0.000000
1173.192256,      32,       2,    1814,  144879,       0,    1482, 3047899,       0,87.856516,6565.277803,0.000000,83.863038,187582.646162,0.000000
1174.192163,      32,       2,    1979,  156141,       0,    1619, 3368435,       0,165.030887,11264.108175,0.000000,137.025646,320596.002294,0.000000
1175.191383,      32,       2,    2060,  161571,       0,    1694, 3542421,       0,81.070202,5434.706109,0.000000,75.065002,174136.791365,0.000000
1176.196923,      32,       2,    2061,  161913,       0,    1694, 3542421,       0,0.994620,340.160073,0.000000,0.000000,0.000000,0.000000
1177.192472,      32,       2,    2061,  161913,       0,    1694, 3542421,       0,0.000000,0.000000,0.000000,0.000000,0.000000,0.000000
1178.192337,      32,       2,    2061,  161913,       0,    1694, 3542421,       0,0.000000,0.000000,0.000000,0.000000,0.000000,0.000000
1179.192914,      32,       2,    2157,  169704,       0,    1779, 3688875,       0,95.955960,7787.425916,0.000000,84.961007,146386.814927,0.000000
1180.194708,      32,       2,    2385,  185136,       0,    1982, 4168220,       0,227.624886,15406.610688,0.000000,202.666017,478556.363415,0.000000
1181.195488,      32,       2,    2386,  185478,       0,    1982, 4168220,       0,0.999709,341.900470,0.000000,0.000000,0.000000,0.000000
1182.193913,      32,       2,    2386,  185478,       0,    1982, 4168220,       0,0.000000,0.000000,0.000000,0.000000,0.000000,0.000000
1183.195207,      32,       2,    2386,  185478,       0,    1982, 4168220,       0,0.000000,0.000000,0.000000,0.000000,0.000000,0.000000
1184.195446,      32,       2,    2387,  185820,       0,    1982, 4168220,       0,0.999893,341.963474,0.000000,0.000000,0.000000,0.000000
1185.197831,      32,       2,    2391,  186248,       0,    1983, 4168327,       0,3.990774,427.012770,0.000000,0.997693,106.753192,0.000000
1186.197547,      32,       2,    2392,  186590,       0,    1984, 4168669,       0,1.000591,342.202255,0.000000,1.000591,342.202255,0.000000
1187.196156,      32,       2,    2392,  186590,       0,    1984, 4168669,       0,0.000000,0.000000,0.000000,0.000000,0.000000,0.000000
1188.196299,      32,       2,    2393,  186932,       0,    1984, 4168669,       0,0.999918,341.971953,0.000000,0.000000,0.000000,0.000000
1189.196459,      32,       2,    2393,  186932,       0,    1984, 4168669,       0,0.000000,0.000000,0.000000,0.000000,0.000000,0.000000
1190.197136,      32,       2,    2393,  186932,       0,    1984, 4168669,       0,0.000000,0.000000,0.000000,0.000000,0.000000,0.000000
1191.197353,      32,       2,    2394,  187274,       0,    1984, 4168669,       0,0.999909,341.968855,0.000000,0.000000,0.000000,0.000000
1192.199447,      32,       2,    2394,  187274,       0,    1984, 4168669,       0,0.000000,0.000000,0.000000,0.000000,0.000000,0.000000
1193.200454,      32,       2,    2395,  187616,       0,    1984, 4168669,       0,0.999122,341.699629,0.000000,0.000000,0.000000,0.000000
1194.203218,      32,       2,    2395,  187616,       0,    1984, 4168669,       0,0.000000,0.000000,0.000000,0.000000,0.000000,0.000000
1195.200230,      32,       2,    2395,  187616,       0,    1984, 4168669,       0,0.000000,0.000000,0.000000,0.000000,0.000000,0.000000
1196.203426,      32,       2,    2396,  187958,       0,    1984, 4168669,       0,0.997086,341.003568,0.000000,0.000000,0.000000,0.000000
1197.200946,      32,       2,    2396,  187958,       0,    1984, 4168669,       0,0.000000,0.000000,0.000000,0.000000,0.000000,0.000000
1198.202068,      32,       2,    2396,  187958,       0,    1985, 4169011,       0,0.000000,0.000000,0.000000,0.999047,341.673991,0.000000
1199.201667,      32,       2,    2401,  188508,       0,    1987, 4169199,       0,5.003203,550.352310,0.000000,2.001281,188.120426,0.000000
1200.203141,      32,       2,    2408,  189150,       0,    1990, 4169526,       0,6.990262,641.106887,0.000000,2.995827,326.545097,0.000000
1201.202866,      32,       2,    2432,  194135,       0,    1997, 4171265,       0,24.009004,4986.870238,0.000000,7.002626,1739.652426,0.000000
1202.202408,      32,       2,    2451,  197966,       0,    2000, 4171880,       0,19.013500,3833.721983,0.000000,3.002132,615.436967,0.000000
1203.202253,      32,       2,    2463,  200086,       0,    2003, 4172410,       0,12.003912,2120.691172,0.000000,3.000978,530.172793,0.000000
1204.203365,      32,       2,    2489,  205039,       0,    2006, 4172697,       0,25.972834,4947.824861,0.000000,2.996865,286.700128,0.000000
1205.203319,      32,       2,    2507,  209242,       0,    2014, 4174778,       0,18.003962,4203.925117,0.000000,8.001761,2081.458046,0.000000
1206.203384,      32,       2,    2515,  211578,       0,    2016, 4175283,       0,8.000647,2336.188820,0.000000,2.000162,505.040819,0.000000
1207.203432,      32,       2,    2521,  212528,       0,    2017, 4175390,       0,6.000996,950.157669,0.000000,1.000166,107.017758,0.000000
1208.204054,      32,       2,    2531,  214614,       0,    2019, 4175721,       0,9.995172,2084.992873,0.000000,1.999034,330.840192,0.000000
1209.204216,      32,       2,    2553,  217290,       0,    2026, 4176882,       0,22.001144,2676.139093,0.000000,7.000364,1161.060346,0.000000
1210.204943,      32,       2,    2573,  219282,       0,    2031, 4177380,       0,19.988210,1990.825716,0.000000,4.997053,497.706429,0.000000
1211.206397,      32,       2,    2579,  220394,       0,    2032, 4177487,       0,5.993197,1110.739188,0.000000,0.998866,106.878681,0.000000
1212.204871,      32,       2,    2600,  222648,       0,    2037, 4177965,       0,21.037869,2258.064652,0.000000,5.009017,478.861980,0.000000
1213.207353,      32,       2,    2600,  222648,       0,    2037, 4177965,       0,0.000000,0.000000,0.000000,0.000000,0.000000,0.000000
1214.206006,      32,       2,    2600,  222648,       0,    2037, 4177965,       0,0.000000,0.000000,0.000000,0.000000,0.000000,0.000000
1215.205467,      32,       2,    2601,  222990,       0,    2037, 4177965,       0,1.000656,342.224461,0.000000,0.000000,0.000000,0.000000
1216.206051,      32,       2,    2601,  222990,       0,    2037, 4177965,       0,0.000000,0.000000,0.000000,0.000000,0.000000,0.000000
1217.206562,      32,       2,    2602,  223332,       0,    2037, 4177965,       0,0.999617,341.869098,0.000000,0.000000,0.000000,0.000000
1218.206369,      32,       2,    2602,  223332,       0,    2037, 4177965,       0,0.000000,0.000000,0.000000,0.000000,0.000000,0.000000
1219.207053,      32,       2,    2606,  223760,       0,    2038, 4178072,       0,3.997757,427.760027,0.000000,0.999439,106.940007,0.000000
1220.208236,      32,       2,    2606,  223760,       0,    2038, 4178072,       0,0.000000,0.000000,0.000000,0.000000,0.000000,0.000000
1221.207310,      32,       2,    2606,  223760,       0,    2039, 4178414,       0,0.000000,0.000000,0.000000,1.001333,342.455758,0.000000
1222.207530,      32,       2,    2606,  223760,       0,    2039, 4178414,       0,0.000000,0.000000,0.000000,0.000000,0.000000,0.000000
1223.208170,      32,       2,    2606,  223760,       0,    2039, 4178414,       0,0.000000,0.000000,0.000000,0.000000,0.000000,0.000000
1224.207774,      32,       2,    2606,  223760,       0,    2039, 4178414,       0,0.000000,0.000000,0.000000,0.000000,0.000000,0.000000
1225.211578,      32,       2,    2608,  224444,       0,    2039, 4178414,       0,1.993880,681.907116,0.000000,0.000000,0.000000,0.000000
1226.210960,      32,       2,    2609,  224786,       0,    2039, 4178414,       0,1.000748,342.255653,0.000000,0.000000,0.000000,0.000000
1227.210588,      32,       2,    2609,  224786,       0,    2039, 4178414,       0,0.000000,0.000000,0.000000,0.000000,0.000000,0.000000
1228.211010,      32,       2,    2609,  224786,       0,    2039, 4178414,       0,0.000000,0.000000,0.000000,0.000000,0.000000,0.000000
1229.209916,      32,       2,    2609,  224786,       0,    2039, 4178414,       0,0.000000,0.000000,0.000000,0.000000,0.000000,0.000000
1230.210361,      32,       2,    2610,  225128,       0,    2039, 4178414,       0,1.000208,342.071199,0.000000,0.000000,0.000000,0.000000
1231.211545,      32,       2,    2610,  225128,       0,    2039, 4178414,       0,0.000000,0.000000,0.000000,0.000000,0.000000,0.000000
1232.210872,      32,       2,    2610,  225128,       0,    2039, 4178414,       0,0.000000,0.000000,0.000000,0.000000,0.000000,0.000000
1233.212074,      32,       2,    2611,  225470,       0,    2039, 4178414,       0,0.998928,341.633386,0.000000,0.000000,0.000000,0.000000
1234.213803,      32,       2,    2611,  225470,       0,    2039, 4178414,       0,0.000000,0.000000,0.000000,0.000000,0.000000,0.000000
1235.212948,      32,       2,    2615,  225898,       0,    2040, 4178521,       0,4.004962,428.530976,0.000000,1.001241,107.132744,0.000000
1236.212947,      32,       2,    2615,  225898,       0,    2040, 4178521,       0,0.000000,0.000000,0.000000,0.000000,0.000000,0.000000
1237.212836,      32,       2,    2615,  225898,       0,    2040, 4178521,       0,0.000000,0.000000,0.000000,0.000000,0.000000,0.000000
1238.213298,      32,       2,    2615,  225898,       0,    2040, 4178521,       0,0.000000,0.000000,0.000000,0.000000,0.000000,0.000000
1239.214124,      32,       2,    2615,  225898,       0,    2040, 4178521,       0,0.000000,0.000000,0.000000,0.000000,0.000000,0.000000
1240.216503,      32,       2,    2616,  226240,       0,    2041, 4178863,       0,0.997774,341.238736,0.000000,0.997774,341.238736,0.000000
1241.215750,      32,       2,    2616,  226240,       0,    2041, 4178863,       0,0.000000,0.000000,0.000000,0.000000,0.000000,0.000000
1242.215357,      32,       2,    2617,  226582,       0,    2041, 4178863,       0,1.000808,342.276233,0.000000,0.000000,0.000000,0.000000
1243.216496,      32,       2,    2617,  226582,       0,    2041, 4178863,       0,0.000000,0.000000,0.000000,0.000000,0.000000,0.000000
1244.216949,      32,       2,    2618,  226924,       0,    2041, 4178863,       0,0.999886,341.960947,0.000000,0.000000,0.000000,0.000000
1245.217691,      32,       2,    2618,  226924,       0,    2041, 4178863,       0,0.000000,0.000000,0.000000,0.000000,0.000000,0.000000
1246.217606,      32,       2,    2619,  227266,       0,    2041, 4178863,       0,1.000435,342.148792,0.000000,0.000000,0.000000,0.000000
1247.218365,      32,       2,    2619,  227266,       0,    2041, 4178863,       0,0.000000,0.000000,0.000000,0.000000,0.000000,0.000000
1248.218105,      32,       2,    2619,  227266,       0,    2041, 4178863,       0,0.000000,0.000000,0.000000,0.000000,0.000000,0.000000
1249.220221,      32,       2,    2624,  227816,       0,    2042, 4178973,       0,4.990627,548.969023,0.000000,0.998125,109.793805,0.000000
1250.219137,      32,       2,    2631,  228458,       0,    2044, 4179161,       0,7.008144,642.746905,0.000000,2.002327,188.218720,0.000000
1251.220045,      32,       2,    2659,  234763,       0,    2052, 4181010,       0,27.979994,6300.495037,0.000000,7.994284,1847.678878,0.000000
1252.221222,      32,       2,    2679,  238594,       0,    2056, 4181753,       0,19.981478,3827.452061,0.000000,3.996296,742.311898,0.000000
1253.220283,      32,       2,    2687,  239578,       0,    2058, 4181941,       0,8.008361,985.028404,0.000000,2.002090,188.196484,0.000000
1254.219825,      32,       2,    2714,  244504,       0,    2066, 4183539,       0,27.019184,4929.499997,0.000000,8.005684,1599.135403,0.000000
1255.220947,      32,       2,    2730,  248234,       0,    2070, 4184493,       0,15.983138,3726.068989,0.000000,3.995784,952.994589,0.000000
1256.221253,      32,       2,    2739,  251070,       0,    2071, 4184814,       0,8.999837,2835.948613,0.000000,0.999982,320.994184,0.000000
1257.220780,      32,       2,    2746,  252281,       0,    2073, 4185182,       0,7.004160,1211.719641,0.000000,2.001189,368.218685,0.000000
1258.223313,      32,       2,    2756,  254448,       0,    2075, 4185573,       0,9.975709,2161.736239,0.000000,1.995142,390.050240,0.000000
1259.222875,      32,       2,    2776,  256440,       0,    2080, 4186071,       0,20.011288,1993.124318,0.000000,5.002822,498.281080,0.000000
1260.222198,      32,       2,    2797,  258774,       0,    2085, 4186569,       0,21.019861,2336.207372,0.000000,5.004729,498.470982,0.000000
1261.224891,      32,       2,    2801,  259202,       0,    2086, 4186676,       0,3.989695,426.897313,0.000000,0.997424,106.724328,0.000000
1262.223175,      32,       2,    2822,  261456,       0,    2091, 4187154,       0,21.043076,2258.623542,0.000000,5.010256,478.980503,0.000000
1263.224413,      32,       2,    2823,  261798,       0,    2092, 4187496,       0,0.999113,341.696618,0.000000,0.999113,341.696618,0.000000
1264.223728,      32,       2,    2823,  261798,       0,    2092, 4187496,       0,0.000000,0.000000,0.000000,0.000000,0.000000,0.000000
1265.224426,      32,       2,    2823,  261798,       0,    2092, 4187496,       0,0.000000,0.000000,0.000000,0.000000,0.000000,0.000000
1266.224433,      32,       2,    2825,  262482,       0,    2092, 4187496,       0,2.000298,684.101939,0.000000,0.000000,0.000000,0.000000
1267.224579,      32,       2,    2825,  262482,       0,    2092, 4187496,       0,0.000000,0.000000,0.000000,0.000000,0.000000,0.000000
1268.224807,      32,       2,    2825,  262482,       0,    2092, 4187496,       0,0.000000,0.000000,0.000000,0.000000,0.000000,0.000000
1269.226574,      32,       2,    2829,  262910,       0,    2093, 4187603,       0,3.993447,427.298788,0.000000,0.998362,106.824697,0.000000
1270.226268,      32,       2,    2829,  262910,       0,    2093, 4187603,       0,0.000000,0.000000,0.000000,0.000000,0.000000,0.000000
