# time sum\_stalled stalled\_hd
 0.000285 0 0
 1.001409 0 0
 2.002593 0 0
 3.003741 0 0
 4.004987 0 0
 5.006233 0 0
 6.007545 0 0
 7.008718 0 0
 8.009911 0 0
 9.011224 0 0
 10.012578 0 0
 11.013836 0 0
 12.015108 0 0
 13.016106 0 0
 14.017371 0 0
 15.018627 0 0
 16.020088 0 0
 17.021459 0 0
 18.022723 0 0
 19.023993 0 0
 20.025236 0 0
 21.026682 0 0
 22.028001 0 0
 23.029231 0 0
 24.030444 0 0
 25.031704 0 0
 26.03266 0 0
 27.033971 0 0
 28.035504 0 0
 29.036121 0 0
 30.037488 0 0
 31.038758 0 0
 32.040162 0 0
 33.041385 0 0
 34.042536 0 0
 35.043685 0 0
 36.044533 0 0
 37.045792 0 0
 38.047016 0 0
 39.048213 1 1
 40.049527 1 1
 41.050846 1 1
 42.052234 2 2
 43.053011 2 2
 44.053374 2 2
 45.054409 3 3
 46.05599 4 4
 47.056474 4 4
 48.057468 5 5
 49.059004 8 8
 50.06046 8 8
 51.061604 9 9
 52.062781 9 9
 53.06406 9 9
 54.06546 10 9
 55.066772 11 9
 56.068147 13 11
 57.068685 13 11
 58.070297 13 11
 59.071577 13 11
 60.072561 14 11
 61.073894 17 13
 62.075173 19 14
 63.076259 21 16
 64.077751 23 18
 65.078925 25 19
 66.080202 26 20
 67.081454 26 20
 68.082724 28 22
 69.083953 31 23
 70.085356 34 24
 71.085939 35 25
 72.087259 36 26
 73.088658 37 27
 74.089983 42 29
 75.0912 45 30
 76.09252 45 30
 77.093449 48 30
 78.094832 49 31
 79.095877 49 31
 80.097142 51 33
 81.098412 53 34
 82.099179 56 35
 83.100467 58 36
 84.101391 58 36
 85.102663 60 37
 86.103947 62 38
 87.105243 66 40
 88.10661 67 40
 89.108259 68 41
 90.109256 71 43
 91.11046 75 44
 92.112728 80 47
 93.114576 82 48
 94.116078 83 49
 95.1173 86 51
 96.118533 88 53
 97.119348 88 53
 98.120245 89 54
 99.120934 94 55
 100.124349 95 56
 101.126147 98 58
 102.127362 102 61
 103.128748 104 62
 104.130164 109 64
 105.130701 111 64
 106.131963 114 66
 107.133537 114 66
 108.13511 117 68
 109.136131 120 69
 110.148916 121 69
 111.150332 124 70
 112.151714 125 70
 113.152868 127 70
 114.154207 128 70
 115.159637 132 71
 116.162364 135 72
 117.163744 137 72
 118.16425 143 74
 119.165728 144 75
 120.16707 148 77
 121.168205 148 77
 122.169153 154 80
 123.169746 159 82
 124.179485 161 83
 125.180729 163 84
 126.182117 166 86
 127.183159 170 89
 128.184375 171 90
 129.18471 173 91
 130.185797 175 91
 131.18707 179 94
 132.188137 180 94
 133.190131 182 96
 134.1915 183 96
 135.192056 184 96
 136.193325 184 96
 137.195484 188 100
 138.196862 192 102
 139.197739 196 104
 140.199626 198 106
 141.200965 200 107
 142.202266 205 109
 143.203522 208 109
 144.204272 210 110
 145.205617 212 112
 146.206752 214 113
 147.207996 217 114
 148.20948 219 114
 149.210465 220 115
 150.211702 220 115
 151.212961 224 118
 152.214404 224 118
 153.215489 227 119
 154.216739 231 122
 155.217918 233 122
 156.219219 234 122
 157.220635 235 122
 158.222129 238 125
 159.2239 241 126
 160.225207 243 127
 161.2264 250 132
 162.227536 250 132
 163.229124 253 132
 164.230458 256 133
 165.231702 258 133
 166.232946 263 136
 167.234277 264 137
 168.23559 265 137
 169.236312 266 137
 170.237685 272 141
 171.238245 274 142
 172.239351 279 147
 173.240507 281 148
 174.241731 285 150
 175.243034 287 152
 176.244297 290 152
 177.245602 292 154
 178.246808 296 155
 179.247857 301 159
 180.249168 302 160
 181.250698 304 160
 182.251876 307 162
 183.252854 308 163
 184.253781 310 164
 185.255001 313 167
 186.256269 316 169
 187.25742 318 170
 188.258674 321 171
 189.260118 323 172
 190.262474 324 172
 191.26411 325 173
 192.265334 329 174
 193.266513 332 174
 194.267818 335 174
 195.268993 337 175
 196.270183 338 176
 197.271304 340 178
 198.272695 340 178
 199.27416 341 178
 200.275418 344 180
 201.276654 349 181
 202.277978 353 184
 203.279105 356 186
 204.280285 360 188
 205.281205 361 188
 206.282218 365 190
 207.283351 369 192
 208.284211 372 195
 209.285464 373 195
 210.286687 374 195
 211.286929 377 196
 212.288167 381 198
 213.289467 382 198
 214.290708 385 200
 215.292066 388 202
 216.293328 390 202
 217.294644 397 205
 218.295795 398 205
 219.297026 401 207
 220.298235 403 208
 221.299464 406 210
 222.300771 408 210
 223.302072 410 210
 224.303326 412 210
 225.304778 419 214
 226.305979 420 214
 227.307181 425 217
 228.30848 433 223
 229.309704 439 225
 230.310926 441 226
 231.312137 445 227
 232.313379 447 229
 233.314632 449 231
 234.316006 449 231
 235.317286 453 233
 236.318539 457 236
 237.319862 459 237
 238.32112 462 240
 239.322276 468 243
 240.323543 475 247
 241.324159 478 248
 242.325354 482 250
 243.326524 484 251
 244.327771 489 254
 245.329049 493 258
 246.330273 498 260
 247.331518 500 261
 248.332964 502 263
 249.334266 505 264
 250.335682 507 264
 251.336797 510 265
 252.337913 513 268
 253.339158 514 269
 254.340334 516 270
 255.341602 520 272
 256.342848 523 274
 257.343648 524 275
 258.344202 528 279
 259.345472 529 279
 260.345852 530 279
 261.347105 534 281
 262.348367 535 282
 263.34903 539 283
 264.350599 541 283
 265.351951 545 286
 266.3531 545 286
 267.354343 549 288
 268.355655 550 289
 269.357006 550 289
 270.358203 555 291
 271.359521 558 293
 272.360731 558 293
 273.362002 561 294
 274.363261 566 297
 275.364797 568 299
 276.366017 571 300
 277.367211 573 301
 278.36839 579 303
 279.369703 586 306
 280.372999 587 306
 281.374888 590 306
 282.376271 592 307
 283.377818 592 307
 284.379036 596 308
 285.38031 600 311
 286.38199 606 313
 287.383804 609 316
 288.384874 611 317
 289.385967 617 319
 290.386524 619 320
 291.387861 624 322
 292.388277 625 323
 293.389707 629 327
 294.391577 634 329
 295.392587 638 332
 296.393838 642 333
 297.395096 646 336
 298.396351 650 340
 299.397536 652 342
 300.399038 654 342
 301.400668 658 345
 302.402284 663 347
 303.403676 666 348
 304.405183 669 348
 305.405536 671 349
 306.406807 673 351
 307.408236 674 352
 308.409994 677 353
 309.41197 678 354
 310.413381 682 356
 311.414842 683 357
 312.416278 688 360
 313.417568 692 363
 314.418307 694 363
 315.41883 698 365
 316.42031 704 368
 317.421164 705 369
 318.42272 706 370
 319.424293 708 372
 320.425801 709 373
 321.427205 714 375
 322.427914 717 377
 323.429384 719 379
 324.430573 720 380
 325.431842 721 380
 326.432542 725 381
 327.434004 728 381
 328.435292 732 383
 329.436695 736 384
 330.438355 738 385
 331.440004 741 387
 332.440522 745 388
 333.442048 748 388
 334.443409 750 389
 335.444944 754 392
 336.446343 759 395
 337.447398 760 395
 338.448267 763 397
 339.44933 764 398
 340.45003 769 401
 341.451372 771 401
 342.452324 774 403
 343.453869 776 405
 344.455329 778 406
 345.456267 781 407
 346.4575 787 411
 347.458921 789 411
 348.460294 797 415
 349.461707 797 415
 350.462555 799 417
 351.463812 808 420
 352.464917 812 421
 353.466096 814 423
 354.468617 816 425
 355.470262 819 426
 356.470993 823 429
 357.471947 824 430
 358.472784 827 432
 359.47406 827 432
 360.475452 834 436
 361.476215 835 436
 362.477518 836 436
 363.478903 841 440
 364.480267 844 441
 365.481875 847 443
 366.482677 852 444
 367.483977 855 444
 368.485528 857 445
 369.486381 862 449
 370.487795 865 451
 371.489097 865 451
 372.490639 867 451
 373.492533 870 453
 374.494047 872 455
 375.495624 873 455
 376.496447 878 459
 377.497536 881 462
 378.498092 882 463
 379.499735 883 463
 380.501053 887 465
 381.502789 890 467
 382.504389 893 469
 383.506114 894 470
 384.507459 895 471
 385.508826 898 472
 386.509703 901 473
 387.510943 907 474
 388.512176 909 474
 389.513629 912 477
 390.5151 914 479
 391.516434 919 483
 392.518026 924 486
 393.518935 926 486
 394.520452 930 489
 395.522066 933 490
 396.523507 934 491
 397.526088 937 493
 398.528891 941 494
 399.530604 946 496
 400.532394 952 499
 401.533813 956 501
 402.535157 959 501
 403.536265 964 503
 404.537657 968 503
 405.53896 971 503
 406.540373 973 503
 407.541773 975 504
 408.543137 978 506
 409.544263 981 508
 410.545733 982 508
 411.54605 984 510
 412.547388 989 515
 413.548182 992 517
 414.549516 994 517
 415.550206 997 518
 416.551561 1001 521
 417.552404 1004 522
 418.553266 1007 523
 419.555336 1012 526
 420.556771 1017 530
 421.558052 1020 532
 422.559767 1022 533
 423.561501 1026 533
 424.562724 1028 534
 425.563954 1031 536
 426.565572 1032 537
 427.567159 1033 538
 428.568443 1035 539
 429.571606 1035 539
 430.573292 1036 540
 431.789002 1040 541
 432.789604 1044 543
 433.790868 1046 545
 434.792215 1047 545
 435.79466 1048 546
 436.796187 1051 549
 437.796956 1052 550
 438.798435 1055 551
 439.799176 1056 551
 440.800597 1061 555
 441.804158 1063 557
 442.805268 1069 560
 443.805713 1070 561
 444.807061 1072 563
 445.808421 1073 564
 447.151793 1082 568
 448.153129 1087 572
 449.154729 1090 572
 450.156276 1092 573
 451.158029 1095 575
 452.160246 1099 577
 453.161493 1102 577
 454.162935 1105 577
 455.16441 1108 578
 456.166144 1113 581
 457.167562 1117 583
 458.168823 1119 583
 459.170091 1123 587
 460.171349 1125 588
 462.060014 1134 594
 463.061203 1137 596
 464.062005 1142 599
 465.063402 1147 599
 466.066892 1150 602
 467.069731 1152 603
 468.071472 1155 605
 469.072795 1157 605
 470.074029 1160 607
 471.074862 1164 608
 472.075326 1168 610
 473.076237 1173 613
 474.077641 1175 614
 475.07883 1177 614
 477.312647 1184 619
 478.314183 1188 621
 479.315706 1192 621
 480.317028 1193 622
 481.318398 1195 624
 482.319877 1199 626
 483.321658 1201 627
 484.322975 1203 629
 485.32436 1204 630
 486.32558 1209 630
 487.326084 1213 632
 488.327698 1216 632
 489.330362 1216 632
 490.331898 1217 633
 491.806922 1219 634
 492.808153 1220 634
 493.809452 1222 634
 494.810713 1226 635
 495.812181 1230 637
 496.813686 1236 640
 497.814944 1239 641
 498.816344 1242 644
 499.817493 1247 646
 500.818751 1251 649
 501.82019 1253 649
 502.821648 1256 650
 503.822962 1257 651
 504.83074 1261 653
 505.832077 1262 654
 507.128363 1272 661
 508.129782 1275 663
 509.13109 1275 663
