18.165748
3.420551
-1
21.722652
-1
-1
4.606036
-1
-1
-1
-1
-1
-1
-1
-1
-1
-1
-1
-1
-1
-1
-1
-1
-1
-1
-1
-1
-1
-1
-1
-1
-1
-1
-1
-1
-1
-1
-1
-1
-1
-1
-1
-1
-1
-1
-1
-1
-1
-1
-1
-1
-1
-1
-1
-1
-1
-1
-1
-1
-1
-1
-1
-1
-1
-1
-1
-1
-1
-1
-1
-1
-1
-1
-1
-1
-1
-1
-1
-1
-1
-1
-1
-1
-1
7.661435
-1
-1
-1
-1
-1
-1
-1
-1
-1
-1
-1
-1
-1
0.378927
-1
0.217465
-1
-1
-1
-1
-1
-1
-1
0
-1
-1
-1
-1
-1
-1
-1
-1
-1
-1
-1
-1
-1
-1
-1
-1
-1
13.278769
-1
2.055978
26.340547
-1
-1
9.484829
-1
-1
-1
-1
-1
-1
-1
-1
-1
-1
-1
-1
-1
-1
-1
-1
-1
-1
-1
-1
-1
-1
-1
-1
-1
-1
-1
-1
-1
-1
-1
-1
1.958901
-1
-1
-1
-1
-1
11.848169
-1
-1
-1
-1
-1
-1
-1
-1
-1
-1
-1
-1
-1
-1
-1
-1
-1
-1
-1
-1
-1
-1
-1
-1
-1
-1
-1
-1
-1
-1
-1
-1
-1
-1
-1
-1
-1
-1
-1
-1
-1
26.340547
-1
-1
-1
-1
1.139008
-1
-1
-1
-1
-1
-1
-1
-1
-1
-1
4.809732
-1
-1
-1
-1
-1
-1
-1
16.445662
-1
-1
-1
-1
-1
-1
-1
-1
-1
-1
-1
-1
-1
-1
-1
-1
-1
-1
-1
-1
-1
-1
-1
-1
4.351565
-1
-1
-1
-1
-1
-1
-1
-1
-1
-1
-1
-1
-1
2.44668
-1
18.481186
-1
-1
-1
-1
-1
-1
-1
-1
-1
2.501461
16.358967
-1
-1
-1
-1
11.11157
-1
4.57331
-1
-1
-1
-1
-1
-1
-1
-1
-1
-1
-1
-1
0
-1
-1
-1
-1
-1
-1
-1
-1
-1
-1
-1
-1
-1
-1
-1
-1
-1
-1
-1
-1
-1
-1
-1
-1
-1
-1
-1
-1
-1
-1
-1
-1
-1
-1
-1
-1
-1
-1
-1
-1
-1
-1
-1
-1
-1
-1
-1
-1
-1
-1
-1
-1
-1
-1
-1
-1
18.489639
-1
-1
-1
-1
-1
-1
-1
-1
-1
-1
-1
-1
-1
-1
-1
-1
-1
-1
-1
-1
-1
-1
26.009609
-1
-1
-1
-1
-1
-1
-1
-1
-1
-1
1.90923
-1
-1
14.872965
-1
-1
-1
-1
-1
-1
-1
-1
-1
-1
1.222233
-1
-1
-1
-1
-1
-1
-1
-1
-1
-1
-1
-1
-1
-1
-1
-1
-1
-1
-1
-1
-1
-1
10.202912
-1
-1
-1
-1
-1
-1
-1
-1
-1
-1
-1
-1
-1
-1
-1
-1
-1
3.350871
-1
-1
-1
-1
-1
-1
-1
-1
-1
-1
-1
16.711703
-1
-1
-1
-1
-1
-1
3.237903
-1
10.878113
2.177277
-1
-1
-1
-1
-1
-1
22.743128
-1
-1
-1
-1
-1
-1
-1
-1
-1
-1
-1
-1
-1
-1
1.134082
-1
-1
-1
-1
-1
-1
-1
-1
-1
-1
-1
-1
-1
-1
-1
-1
-1
-1
-1
-1
-1
-1
-1
-1
-1
2.756691
-1
-1
-1
3.540447
-1
-1
-1
-1
-1
-1
-1
-1
-1
-1
9.593182
-1
-1
-1
-1
-1
-1
-1
-1
-1
-1
-1
-1
-1
-1
-1
-1
-1
-1
-1
-1
16.454563
-1
-1
-1
-1
-1
-1
-1
-1
-1
-1
-1
-1
-1
-1
-1
-1
-1
-1
-1
4.711727
-1
-1
-1
-1
-1
-1
-1
1.419612
-1
-1
-1
-1
-1
-1
-1
-1
-1
-1
-1
-1
-1
-1
9.040844
-1
-1
4.824789
-1
-1
-1
-1
-1
-1
-1
-1
-1
2.420155
-1
-1
-1
14.951894
-1
-1
-1
-1
-1
-1
-1
-1
-1
-1
4.70789
-1
-1
-1
-1
-1
1.950576
-1
8.437951
-1
-1
-1
-1
-1
-1
-1
-1
-1
-1
-1
-1
-1
-1
-1
-1
-1
-1
-1
-1
-1
-1
-1
-1
-1
-1
-1
-1
-1
-1
-1
-1
-1
-1
-1
-1
-1
-1
-1
-1
-1
-1
-1
-1
-1
-1
-1
-1
-1
-1
-1
-1
-1
-1
-1
-1
-1
-1
-1
-1
-1
-1
-1
-1
-1
-1
-1
-1
-1
-1
-1
-1
-1
-1
-1
-1
-1
-1
-1
-1
-1
-1
-1
-1
-1
-1
-1
-1
-1
-1
-1
-1
-1
-1
-1
-1
-1
-1
-1
9.958006
-1
-1
-1
-1
-1
-1
-1
16.941038
-1
-1
-1
-1
-1
-1
-1
9.145525
-1
-1
-1
-1
-1
-1
-1
-1
4.967524
-1
-1
-1
-1
34.04096
-1
-1
-1
-1
11.037296
-1
-1
-1
-1
-1
-1
-1
-1
-1
-1
-1
-1
-1
-1
-1
-1
2.993695
-1
-1
-1
-1
-1
-1
-1
-1
-1
-1
-1
-1
-1
-1
-1
-1
-1
-1
-1
-1
9.736084
-1
-1
-1
-1
-1
-1
-1
-1
-1
-1
-1
-1
-1
-1
-1
-1
16.445642
-1
-1
-1
-1
-1
-1
-1
-1
-1
-1
-1
-1
-1
-1
-1
-1
-1
-1
-1
-1
-1
-1
-1
-1
-1
-1
-1
-1
22.94534
-1
-1
-1
-1
-1
-1
-1
-1
-1
-1
-1
-1
-1
-1
-1
-1
-1
-1
-1
-1
-1
-1
-1
-1
-1
28.232915
-1
-1
-1
-1
-1
-1
-1
-1
-1
-1
-1
-1
-1
-1
-1
-1
-1
-1
-1
-1
-1
-1
-1
-1
-1
-1
-1
-1
-1
-1
-1
-1
-1
-1
-1
-1
-1
-1
0.614762
-1
-1
-1
-1
25.242364
-1
-1
-1
-1
-1
-1
-1
-1
-1
-1
-1
-1
-1
-1
-1
-1
-1
-1
-1
-1
-1
-1
0
-1
-1
-1
-1
-1
-1
-1
-1
-1
0.541225
-1
-1
-1
-1
-1
-1
-1
-1
-1
-1
-1
-1
-1
-1
-1
-1
-1
-1
-1
-1
-1
-1
-1
-1
-1
-1
-1
-1
-1
-1
-1
-1
-1
-1
-1
-1
-1
