18.248157
18.248157
6.965666
6.965666
7.427336
9.81462
9.81462
4.940028
3.223882
16.023497
10.801522
7.000472
29.607379
-1
-1
11.41254
8.511263
9.149267
15.963442
15.963442
10.240528
2.682859
-1
11.161386
4.346466
4.346466
-1
-1
9.325147
9.325147
14.040488
19.537399
7.614023
7.888425
7.888425
8.451762
8.451762
9.303172
10.910332
-1
5.146175
2.943934
2.943934
4.331515
4.331515
-1
4.749646
6.776616
-1
13.478606
21.455975
7.186002
7.936891
3.922362
7.698757
9.046808
14.78444
8.171074
7.156952
11.679583
11.679583
24.73706
18.589199
21.366878
21.366878
4.640504
-1
-1
9.873071
-1
8.394795
8.574835
9.995683
13.025758
25.14565
17.885996
-1
-1
6.272482
6.585905
8.1796
-1
6.25376
6.25376
10.666825
4.220709
5.97224
-1
7.459377
7.425226
0
12.266378
8.52386
8.52386
21.073602
13.19849
1.723965
9.477168
-1
3.98276
7.358993
-1
-1
-1
22.854279
10.365207
8.073991
-1
-1
9.16394
21.661373
12.055458
-1
16.485874
10.365207
-1
14.436664
11.171884
-1
1.136035
-1
8.756943
6.001172
13.454469
34.682069
20.751919
25.107866
19.940843
29.2846836437652
29.2846836437652
29.2846836437652
29.2846836437652
29.2846836437652
29.2846836437652
29.2846836437652
143.999999918299
-1
-1
-1
143.999999941299
143.999999941299
143.999999948299
143.999999934299
143.999999934299
0
0
0
0
0
0
0
0
0
0
0
-1
0
-1
-1
0
-1
0
0
0
0
-1
-1
-1
-1
-1
-1
-1
-1
-1
-1
-1
-1
-1
-1
-1
-1
-1
-1
-1
-1
-1
-1
-1
-1
-1
-1
-1
-1
-1
-1
-1
-1
-1
-1
-1
-1
-1
-1
0
0
0
0
0
0
0
0
0
0
0
0
0
-1
0
0
0
0
0
0
0
-1
0
0
